SNPID	CHR	POS	Z_RA_Ishigaki_2021_EUR	V_RA_Ishigaki_2021_EUR	Z_ATAC_chr1_38173053_38174797	V_ATAC_chr1_38173053_38174797
rs7364802	chr1	37974073	0.5915492957746479	0.00045369	-1.1640916	0.0142486
rs61776714	chr1	37974115	-0.568075117370892	0.00045369	1.1640915	0.014248597
rs7527103	chr1	37974452	0.28313253012048195	0.00027556	-0.68312204	0.007045722
rs7551870	chr1	37974479	0.5774647887323944	0.00045369	-1.1640916	0.0142486
1:37975515:C:CA	chr1	37975515	2.490566037735849	0.00025281	-0.15824854	0.0061293254
rs4491032	chr1	37976287	0.5868544600938967	0.00045369	-1.1640916	0.0142486
rs7520194	chr1	37976317	-0.5654205607476636	0.00045795999999999993	1.1640915	0.014248597
rs10890216	chr1	37976875	0.5747663551401869	0.00045795999999999993	-1.1640916	0.0142486
rs35655346	chr1	37977547	3.2926829268292686	0.00060516	0.96895593	0.010618145
rs11210759	chr1	37977767	0.5654205607476636	0.00045795999999999993	-1.1640916	0.0142486
rs61776715	chr1	37977776	-0.8807017543859649	0.00081225	-0.5629454	0.012620548
rs10890231	chr1	37977876	0.5607476635514019	0.00045795999999999993	-1.1640916	0.0142486
rs55695556	chr1	37977909	0.24698795180722893	0.00027556	-0.68312204	0.007045722
rs6660034	chr1	37978661	0.5560747663551403	0.00045795999999999993	-1.1640916	0.0142486
rs7555461	chr1	37979077	2.232258064516129	0.00024024999999999999	-0.15824854	0.0061293254
rs141707261	chr1	37979863	-2.512658227848101	0.00024964000000000003	-0.7673817	0.0057797637
rs10890238	chr1	37979982	2.0718954248366015	0.00023408999999999998	0.033339202	0.006001163
rs11421558	chr1	37980133	0.516279069767442	0.00046224999999999993	-1.1640916	0.0142486
rs6699209	chr1	37980251	0.5233644859813085	0.00045795999999999993	-1.1640916	0.0142486
rs11210825	chr1	37981314	-2.443037974683544	0.00024964000000000003	-0.7673817	0.0057797637
rs10736424	chr1	37981340	0.5209302325581395	0.00046224999999999993	-1.1640916	0.0142486
rs7519426	chr1	37981562	0.5255813953488372	0.00046224999999999993	-1.1640916	0.0142486
rs7512424	chr1	37981594	0.5255813953488372	0.00046224999999999993	-1.1640916	0.0142486
rs7533079	chr1	37981943	0.4372093023255815	0.00046224999999999993	-1.1640916	0.0142486
rs7519947	chr1	37982053	0.17791411042944785	0.00026568999999999996	-0.72864264	0.0067004813
1:37982373:AT:A	chr1	37982373	-0.5	0.00047524	1.1640915	0.014248597
rs6667846	chr1	37982495	0.5092592592592593	0.00046656000000000003	-1.1640916	0.0142486
rs6674009	chr1	37982940	0.17338709677419356	0.00061504	-1.1640916	0.0142486
rs11210842	chr1	37983126	-2.464968152866242	0.00024649	-0.7673817	0.0057797637
1:37983256:TAA:T	chr1	37983256	0.43317972350230416	0.00047089	-1.3791727	0.014171719
rs12566269	chr1	37983357	0.48847926267281105	0.00047089	-1.1640916	0.0142486
rs12569027	chr1	37983491	-2.464968152866242	0.00024649	-0.7673817	0.0057797637
rs11210866	chr1	37983893	-2.464968152866242	0.00024649	-0.7673817	0.0057797637
rs11210870	chr1	37984238	0.4	0.000256	-0.68312204	0.007045722
rs6680796	chr1	37984695	0.48847926267281105	0.00047089	-1.1640916	0.0142486
1:37985412:GT:G	chr1	37985412	-2.132075471698113	0.00025281	-0.7673817	0.0057797637
rs61776717	chr1	37985437	-0.48165137614678905	0.00047524	1.1640915	0.014248597
rs35312736	chr1	37985459	0.3680981595092025	0.00026568999999999996	-0.68312204	0.007045722
rs72663605	chr1	37985854	0.6858974358974359	0.0009734399999999999	-0.0028405976	0.013272205
rs7528185	chr1	37986387	0.39375	0.000256	-0.68312204	0.007045722
rs12138115	chr1	37986909	2.0457516339869284	0.00023408999999999998	-0.15824854	0.0061293254
rs12024166	chr1	37987358	-2.45859872611465	0.00024649	-0.7673817	0.0057797637
rs12044531	chr1	37987369	-2.45859872611465	0.00024649	-0.7673817	0.0057797637
rs10890285	chr1	37987904	0.5732484076433122	0.00024649	-0.92919725	0.0066007134
rs35348386	chr1	37988895	-3.489898989898989	0.0003920400000000001	-1.2083384	0.008404922
rs3935867	chr1	37989717	0.3561643835616438	0.00047961	-1.1640916	0.0142486
rs4360494	chr1	37990219	-2.331168831168831	0.00023716	-0.41689518	0.0057274573
rs28366032	chr1	37990356	2.955823293172691	0.0006200099999999999	0.96895593	0.010618145
rs4072980	chr1	37990434	2.2847682119205297	0.00022801	0.033339202	0.006001163
1:37990772:CAA:C	chr1	37990772	2.5065789473684212	0.00023104	-0.7995308	0.006888517
rs12756599	chr1	37992069	2.964	0.0006250000000000001	0.96895593	0.010618145
rs67963450	chr1	37992347	-2.445859872611465	0.00024649	-0.5715816	0.0059961495
rs4626847	chr1	37993538	0.3333333333333333	0.00027225000000000003	-0.68312204	0.007045722
rs61776719	chr1	37995647	-2.292993630573249	0.00024649	-0.45766866	0.0060969377
rs12410494	chr1	37995741	0.4065656565656565	0.0015681600000000003	-1.5569054	0.019209614
rs67631072	chr1	37996149	-2.3037974683544302	0.00024964000000000003	-0.45766866	0.0060969377
rs7366048	chr1	37997832	2.3141025641025643	0.00024335999999999997	0.06224165	0.00637268
rs4634868	chr1	37999643	2.023809523809524	0.00028223999999999995	1.0848807	0.008358088
rs11211085	chr1	38001025	-1.2857142857142856	0.00030625000000000004	-0.5619371	0.006269972
rs72663611	chr1	38001642	1.0188679245283019	0.00137641	1.4073931	0.022852518
rs72663612	chr1	38001750	-0.9244186046511629	0.00029584	-0.6415871	0.007268515
1:38002100:AT:A	chr1	38002100	0.223463687150838	0.00032041	-0.01956489	0.0069446187
rs11462226	chr1	38002384	-1.0333333333333334	0.000225	-0.47757065	0.006775742
1:38002535:AT:A	chr1	38002535	0.6978021978021978	0.00033124	-0.34984803	0.00668599
rs4262508	chr1	38002857	0.3726708074534162	0.00025921	-0.121902764	0.0068228617
rs149169399	chr1	38003068	0.08860759493670886	0.00156025	-0.16925596	0.020499786
rs6600436	chr1	38003828	0.5579710144927537	0.00019044	-0.56543726	0.006167621
rs7513555	chr1	38006844	0.5416666666666666	0.00020736	-0.5430681	0.0063744406
rs6658272	chr1	38007169	-0.3115577889447236	0.00039601	-0.5543084	0.007219923
rs72663614	chr1	38007266	-1.006578947368421	0.00023104	-0.5140295	0.0068738917
rs11211233	chr1	38007791	0.330188679245283	0.00044944	-0.0279929	0.010113157
rs4297255	chr1	38008248	0.2972972972972973	0.00021904000000000002	-0.8782746	0.006223173
1:38008275:CA:C	chr1	38008275	0.25170068027210885	0.00021609	-0.8782746	0.006223173
rs4353055	chr1	38008415	-0.3454545454545454	0.0004840000000000001	-0.45810512	0.010180472
rs6600439	chr1	38008470	1.3134328358208955	0.00040401	0.27766007	0.0075054416
rs7515053	chr1	38008478	-0.8441558441558442	0.00023716	-0.15766533	0.0066729453
1:38008480:T:TA	chr1	38008480	-0.3738738738738739	0.00049284	-0.45810512	0.010180472
rs6600441	chr1	38009097	-1.3636363636363635	0.0013987600000000002	-1.6150318	0.031229561
1:38009693:C:CT	chr1	38009693	-0.8823529411764706	0.00023408999999999998	0.04539276	0.0065806173
rs115303998	chr1	38009833	0.5906542056074767	0.0028622499999999998	0.6802343	0.03134684
rs12117710	chr1	38009870	-0.9805194805194806	0.00023716	-0.20096385	0.005932741
rs34454504	chr1	38010195	-0.30718954248366015	0.00023408999999999998	-1.6882662	0.005931077
rs11211263	chr1	38010847	0.3717948717948718	0.00024335999999999997	1.0747367	0.007917969
rs7364394	chr1	38011737	-0.27314814814814814	0.00046656000000000003	0.411916	0.014099329
rs146369515	chr1	38012144	-0.44155844155844154	0.00094864	-0.32222775	0.023251066
rs11582549	chr1	38012368	-1.8562091503267977	0.0037454399999999996	0.42968503	0.030435702
rs11307333	chr1	38013721	-0.09859154929577464	0.00045369	0.411916	0.014099329
rs6688755	chr1	38014433	0.4934210526315789	0.00023104	1.2256866	0.008127227
rs4440824	chr1	38015034	-0.37762237762237766	0.00020449000000000002	-1.8865652	0.00623477
rs5018050	chr1	38015258	0.20138888888888887	0.00020736	1.2718395	0.006580424
rs11211383	chr1	38016684	-0.39375	0.000256	-0.14653516	0.008321428
1:38017624:A:ATT	chr1	38017624	0.24375	0.000256	1.1005522	0.0075544505
rs12737643	chr1	38020808	-0.18932038834951456	0.00042436000000000004	0.411916	0.014099329
rs35867479	chr1	38022498	-0.13942307692307693	0.00043264	0.411916	0.014099329
rs72663617	chr1	38022954	-0.42068965517241386	0.0008409999999999998	0.051044445	0.010807766
rs41302748	chr1	38023352	-0.14903846153846154	0.00043264	0.411916	0.014099329
1:38024394:C:CT	chr1	38024394	1.1928251121076232	0.0004972900000000001	-1.0236367	0.010791791
rs12408171	chr1	38025593	0.4557823129251701	0.00021609	0.80745	0.007987706
rs12745452	chr1	38027232	-1.615107913669065	0.0007728399999999999	-0.8527644	0.018473774
1:38028926:G:GGT	chr1	38028926	0.4176470588235294	0.00028900000000000003	0.6744948	0.0075840196
1:38033052:AT:A	chr1	38033052	-0.2864583333333333	0.00036863999999999994	0.838275	0.010151901
rs515648	chr1	38033642	0.31617647058823534	0.00018496	1.7297981	0.00627448
rs12727296	chr1	38033680	-0.22966507177033493	0.00043680999999999993	0.411916	0.014099329
rs12743979	chr1	38033971	-0.22966507177033493	0.00043680999999999993	0.411916	0.014099329
rs1037976	chr1	38035515	0.5116279069767442	0.00029584	1.523554	0.0088322135
1:38040474:ATG:A	chr1	38040473	-0.5639810426540285	0.00044521000000000003	-0.18002337	0.0057436978
rs76211769	chr1	38041147	1.1771653543307088	0.00064516	1.9277972	0.0188643
rs569791	chr1	38041823	0.16296296296296298	0.00018224999999999998	1.6265178	0.006240731
rs7553786	chr1	38048781	0.04487179487179487	0.00024335999999999997	0.3746738	0.008022332
rs72663620	chr1	38049386	-0.09004739336492891	0.00044521000000000003	-0.38498846	0.011216345
rs34371200	chr1	38050506	0.47928994082840237	0.00028560999999999994	1.6304859	0.008745328
rs4970582	chr1	38050895	0.4761904761904762	0.00028223999999999995	1.6304859	0.008745328
rs4970583	chr1	38050913	-0.23809523809523808	0.00044100000000000004	0.411916	0.014099329
rs11205722	chr1	38052309	0.4285714285714286	0.00028223999999999995	1.4425379	0.008891959
rs59571065	chr1	38052371	-0.45070422535211263	0.00045369	0.6156105	0.009308453
rs12120240	chr1	38052848	-0.568627450980392	0.00041616000000000005	-0.034360748	0.012145996
rs35993126	chr1	38054505	-1.8136200716845876	0.0007784100000000001	-0.8527644	0.018473774
rs35598857	chr1	38055579	-1.8172043010752688	0.0007784100000000001	-0.8527644	0.018473774
rs35081137	chr1	38055606	-0.6009852216748769	0.00041208999999999994	-0.034360748	0.012145996
rs535056	chr1	38056420	0.1818181818181818	0.00017423999999999999	1.7297981	0.00627448
rs6688460	chr1	38056946	-0.6756756756756758	0.00034224999999999994	0.74626946	0.010608986
1:38058120:AT:A	chr1	38058120	-0.5294117647058824	0.00041616000000000005	-0.034360748	0.012145996
rs11812088	chr1	38058262	-0.5960591133004927	0.00041208999999999994	-0.034360748	0.012145996
rs11801590	chr1	38058311	-0.6059113300492611	0.00041208999999999994	-0.034360748	0.012145996
rs34125937	chr1	38059101	-0.6756756756756758	0.00034224999999999994	0.74626946	0.010608986
rs6676868	chr1	38059361	-0.5763546798029557	0.00041208999999999994	-0.034360748	0.012145996
rs12760796	chr1	38060109	-0.6009852216748769	0.00041208999999999994	-0.15695621	0.012645397
rs12723955	chr1	38061659	-0.6956521739130436	0.00033856	0.63640636	0.010733971
rs7537906	chr1	38061830	-0.73224043715847	0.00033489	0.63640636	0.010733971
rs12739923	chr1	38061871	-1.8823529411764708	0.00073984	-1.037576	0.019662898
rs61776745	chr1	38063735	-0.4386792452830188	0.00044944	0.6156105	0.009308453
rs11205858	chr1	38063828	1.0	0.00020449000000000002	1.2006364	0.007245894
rs35709379	chr1	38064155	-1.9535714285714287	0.0007839999999999999	-1.037576	0.019662898
rs12749199	chr1	38064917	-1.7727272727272727	0.0010890000000000001	-1.7025967	0.0247435
rs12760263	chr1	38064996	-0.7323232323232323	0.0003920400000000001	-0.15695621	0.012645397
rs34545217	chr1	38065592	-0.700507614213198	0.00038808999999999995	-0.15695621	0.012645397
rs12755323	chr1	38066334	-0.6954314720812184	0.00038808999999999995	-0.15695621	0.012645397
rs34406251	chr1	38066389	-0.6954314720812184	0.00038808999999999995	-0.15695621	0.012645397
rs12733163	chr1	38067329	-0.7944444444444444	0.00032400000000000007	0.63640636	0.010733971
rs11205921	chr1	38068586	-0.7999999999999999	0.00032400000000000007	0.63640636	0.010733971
rs11205922	chr1	38068724	-0.7944444444444444	0.00032400000000000007	0.63640636	0.010733971
rs72634498	chr1	38068851	2.079497907949791	0.0005712100000000001	1.0722835	0.01984181
rs12742502	chr1	38069135	-0.7955801104972375	0.00032761000000000004	0.63640636	0.010733971
rs12759022	chr1	38070198	-1.8178438661710037	0.00072361	-1.037576	0.019662898
rs11205944	chr1	38070515	-1.8935185185185184	0.00046656000000000003	0.024898075	0.014625063
rs35374830	chr1	38072369	-1.7633928571428572	0.00050176	0.024898075	0.014625063
rs560654	chr1	38074289	-1.037837837837838	0.00034224999999999994	0.63640636	0.010733971
rs12566302	chr1	38075584	-1.8352059925093633	0.0007128900000000001	-1.037576	0.019662898
rs518065	chr1	38075720	-1.021505376344086	0.0003459599999999999	0.63640636	0.010733971
rs72663623	chr1	38076706	-0.0044444444444444444	0.00050625	-0.38498846	0.011216345
rs2068122	chr1	38077496	-1.8066914498141262	0.00072361	-1.037576	0.019662898
rs71057120	chr1	38077876	-1.8029739776951674	0.00072361	-1.037576	0.019662898
rs12755737	chr1	38079140	-1.7272727272727273	0.00075625	-1.037576	0.019662898
rs6656250	chr1	38079830	1.121794871794872	0.00024335999999999997	1.2006364	0.007245894
rs12076726	chr1	38079869	-1.800738007380074	0.0007344099999999999	-1.037576	0.019662898
1:38079919:A:AT	chr1	38079919	-0.6561085972850679	0.0004884100000000001	-0.15695621	0.012645397
rs779969	chr1	38080219	-0.7641509433962264	0.00044944	-0.04732927	0.013047455
1:38082139:A:AT	chr1	38082139	1.1297297297297297	0.00034224999999999994	1.0863286	0.007845145
rs544868	chr1	38082233	0.23076923076923075	0.00020449000000000002	1.6318921	0.0062563843
rs514865	chr1	38083162	-0.9738219895287958	0.00036480999999999997	0.63640636	0.010733971
rs571881	chr1	38084433	-0.9739583333333335	0.00036863999999999994	0.63640636	0.010733971
rs751693	chr1	38085643	-0.9312169312169313	0.00035721	0.63640636	0.010733971
1:38086668:CTTTTT:C	chr1	38086668	0.2054794520547945	0.00047961	-0.105947316	0.0068489485
rs60224959	chr1	38086953	-1.0304568527918783	0.00038808999999999995	0.63640636	0.010733971
rs12077698	chr1	38088049	-1.1023622047244095	0.00145161	1.1330192	0.030123873
rs559494	chr1	38088556	-1.1565656565656566	0.0003920400000000001	0.63640636	0.010733971
rs502973	chr1	38088611	-1.0890052356020943	0.0014592399999999999	1.1330192	0.030123873
rs503000	chr1	38088620	0.2550335570469799	0.00022201	1.3056109	0.006390619
rs558578	chr1	38088658	0.2550335570469799	0.00022201	1.3056109	0.006390619
rs554916	chr1	38089079	0.22666666666666666	0.000225	1.3056109	0.006390619
rs111227048	chr1	38089204	-0.9921875000000001	0.0014745599999999998	1.1330192	0.030123873
rs58437512	chr1	38089207	-1.1671018276762402	0.00146689	1.1330192	0.030123873
rs6671895	chr1	38089354	-1.1380208333333335	0.0014745599999999998	1.1330192	0.030123873
rs531013	chr1	38089411	-1.065326633165829	0.00039601	0.63640636	0.010733971
rs7531330	chr1	38089717	-1.6736111111111112	0.00082944	-0.8081058	0.019422397
rs12136195	chr1	38090024	-0.711864406779661	0.00055696	-0.035795737	0.013058283
rs4970617	chr1	38091311	0.8181818181818181	0.00030976	0.8793897	0.007771784
rs2615812	chr1	38091426	0.07236842105263158	0.00023104	1.1825098	0.0065242867
1:38092044:AT:A	chr1	38092044	1.4695652173913043	0.002116	-0.7288493	0.013166709
rs486563	chr1	38093377	-0.125	0.00046656000000000003	-1.2764548	0.014566467
rs1108182	chr1	38093680	-0.7914110429447854	0.00026568999999999996	0.4490868	0.0067487713
rs1108183	chr1	38093722	-0.0962566844919786	0.00034969000000000005	-0.52007484	0.006676393
rs544700	chr1	38093861	-1.0647058823529412	0.00028900000000000003	0.47341147	0.008522708
rs523864	chr1	38095296	0.5348837209302325	0.00029584	-0.6586623	0.010868743
1:38096468:TTTTA:T	chr1	38096468	1.2956521739130435	0.000529	0.34369004	0.012364082
rs1809328	chr1	38096626	-0.5915032679738563	0.0009363599999999999	-0.48207846	0.016828338
rs3069736	chr1	38097111	-0.9154929577464789	0.00020164000000000003	0.38097593	0.0061042644
rs76100706	chr1	38097123	-1.05	0.00019599999999999997	0.38097593	0.0061042644
rs578107	chr1	38098251	-1.523809523809524	0.00021609	0.100728914	0.007513255
rs506286	chr1	38098485	0.6473988439306358	0.00029928999999999996	-0.6586623	0.010868743
1:38099263:C:CA	chr1	38099263	-0.9498327759197325	0.00089401	-0.48207846	0.016828338
rs3069738	chr1	38099929	-1.469387755102041	0.00021609	0.100728914	0.007513255
rs11809263	chr1	38101691	-1.971698113207547	0.002809	-1.5831822	0.030064836
rs60151173	chr1	38101898	0.5302491103202847	0.00078961	0.6918454	0.018716333
rs11206581	chr1	38102464	1.6062176165803108	0.00037249000000000006	-0.18493296	0.009339863
rs41268253	chr1	38102489	-1.8284023668639053	0.0025704900000000004	0.5866425	0.015462827
rs11206585	chr1	38102656	1.6010362694300517	0.00037249000000000006	-0.18493296	0.009339863
1:38103061:A:AT	chr1	38103061	0.5886075949367088	0.00024964000000000003	-0.32781127	0.0087126745
rs12409682	chr1	38103351	0.9644012944983819	0.0009548100000000001	-1.159232	0.022811817
rs55657566	chr1	38103510	0.24050632911392403	0.00024964000000000003	0.3278114	0.0087126745
rs473735	chr1	38104203	0.2229965156794425	0.00082369	-0.12790312	0.021240905
rs575632	chr1	38104311	-0.8863636363636364	0.00017423999999999999	0.4807924	0.005609385
1:38104681:C:CAAACAA	chr1	38104681	0.6597938144329896	0.00084681	-1.4753759	0.021519272
rs555148	chr1	38105035	-0.9242424242424243	0.00017423999999999999	0.4807924	0.005609385
rs2615811	chr1	38105181	-0.9083969465648856	0.00017161000000000002	0.4807924	0.005609385
rs9783038	chr1	38107927	0.5940959409594097	0.0007344099999999999	0.6918454	0.018716333
1:38108531:C:CT	chr1	38108531	-0.7482993197278912	0.00021609	0.4807924	0.005609385
rs2169570	chr1	38109934	0.29411764705882354	0.00073984	0.6918454	0.018716333
rs67209740	chr1	38111167	0.9967105263157895	0.00092416	-1.159232	0.022811817
rs74065715	chr1	38111725	0.31617647058823534	0.00073984	0.6918454	0.018716333
rs528293	chr1	38112295	-0.6165413533834587	0.00017689	0.4807924	0.005609385
rs500831	chr1	38113020	0.26875	0.000256	0.11762116	0.0086481385
rs35135394	chr1	38113084	-0.5563909774436091	0.00017689	0.4807924	0.005609385
rs74065716	chr1	38113721	0.21245421245421242	0.0007452900000000001	0.6918454	0.018716333
rs1841795	chr1	38115153	-0.5263157894736842	0.00017689	0.4807924	0.005609385
rs12729189	chr1	38116218	1.4656488549618318	0.0006864400000000001	-1.0434594	0.016891867
rs492852	chr1	38116695	-0.5037593984962406	0.00017689	0.4807924	0.005609385
rs568476	chr1	38118157	-0.5488721804511278	0.00017689	0.4807924	0.005609385
rs74065717	chr1	38118879	0.31386861313868614	0.0007507600000000001	0.6918454	0.018716333
rs3795492	chr1	38119336	-1.3198198198198197	0.00049284	-0.96887857	0.009239583
rs142890131	chr1	38120084	0.9868421052631579	0.00092416	-1.159232	0.022811817
rs35759057	chr1	38120160	1.3863636363636365	0.0006969599999999999	-1.0434594	0.016891867
rs779966	chr1	38120267	0.27607361963190186	0.00026568999999999996	0.24301304	0.008753532
rs1466424	chr1	38121499	1.4970059880239521	0.00027889	-0.53247803	0.0075744465
rs16824606	chr1	38121792	0.8483870967741935	0.0009609999999999999	-1.0285949	0.022797875
1:38122213:C:CT	chr1	38122213	0.9751552795031055	0.00025921	0.28232843	0.0076712565
rs7533892	chr1	38124770	0.37762237762237766	0.00020449000000000002	-0.3129145	0.00661813
rs898985	chr1	38125141	0.07975460122699386	0.00026568999999999996	0.51973313	0.007580473
rs12403800	chr1	38125391	-0.006134969325153375	0.00026568999999999996	0.51973313	0.007580473
rs12404747	chr1	38125443	1.2279069767441861	0.00046224999999999993	-1.4333916	0.011646049
rs6686813	chr1	38126778	-0.3187250996015936	0.0006300100000000001	0.98191047	0.015973158
rs898984	chr1	38127349	-0.24836601307189543	0.00023408999999999998	1.3317168	0.0067713587
rs11804660	chr1	38127382	0.8316831683168316	0.00091809	-1.1506718	0.023374172
rs4970566	chr1	38127582	0.22535211267605634	0.00020164000000000003	0.6898189	0.0066189547
rs1466423	chr1	38128099	0.4428571428571429	0.00019599999999999997	0.26519763	0.005796872
1:38128552:CAA:C	chr1	38128552	0.25925925925925924	0.00018224999999999998	-0.011571483	0.006110379
rs2376922	chr1	38128729	0.3088235294117647	0.00018496	0.34578025	0.0065077064
rs7530333	chr1	38129001	0.8900000000000001	0.0009	-1.249997	0.027578695
rs6662282	chr1	38130192	0.1865671641791045	0.00017956000000000002	0.32759652	0.0066383015
rs6665139	chr1	38130538	-0.1851851851851852	0.00026243999999999996	0.8288963	0.008033581
rs11207178	chr1	38130600	0.08860759493670886	0.00056169	0.15705982	0.015067724
1:38130984:C:G	chr1	38130984	0.3111111111111111	0.00018224999999999998	0.32759652	0.0066383015
rs6675190	chr1	38131104	0.28888888888888886	0.00018224999999999998	0.32759652	0.0066383015
rs12120250	chr1	38132150	-0.12195121951219512	0.00026896000000000005	0.8288963	0.008033581
rs112728423	chr1	38134190	0.6367713004484306	0.0004972900000000001	0.079596125	0.010805804
rs55673549	chr1	38134710	0.7155555555555556	0.00050625	0.079596125	0.010805804
rs1325308	chr1	38135945	0.4666666666666667	0.00018224999999999998	0.07473819	0.007225009
rs7547921	chr1	38136401	1.21875	0.00050176	-0.43207487	0.01336692
rs12074713	chr1	38136481	-0.7511520737327189	0.00047089	1.1962689	0.01667134
rs537334	chr1	38138034	2.031073446327684	0.0012531600000000001	0.9705987	0.008066332
rs79475449	chr1	38138797	1.0185185185185186	0.0010497599999999998	1.7687765	0.013778481
rs7551307	chr1	38140728	-4.288732394366197	0.00020164000000000003	-5.1087523	0.005276031
rs2799851	chr1	38140771	-2.448979591836735	0.00021609	-0.6744369	0.0059549166
rs2615814	chr1	38140783	-2.2024539877300615	0.00026568999999999996	-1.9706502	0.006656479
rs72663636	chr1	38141131	1.0174216027874565	0.00082369	2.3899298	0.029570363
rs138410875	chr1	38141273	2.0047393364928907	0.00044521000000000003	1.533031	0.008999479
rs60433601	chr1	38141736	-4.23021582733813	0.00019320999999999997	-4.9495463	0.005896968
rs7554753	chr1	38141937	0.9679715302491103	0.00078961	2.3899298	0.029570363
rs12130588	chr1	38142027	2.7133333333333334	0.000225	1.8102322	0.006956202
rs78500468	chr1	38143511	1.9615384615384617	0.00043264	1.533031	0.008999479
rs79296985	chr1	38143525	1.957943925233645	0.00045795999999999993	1.533031	0.008999479
rs4593783	chr1	38143653	-4.255474452554744	0.00018769000000000001	-5.1087523	0.005276031
rs11207485	chr1	38144042	2.3533834586466167	0.00017689	2.2348766	0.0058450317
rs11207487	chr1	38144168	0.9854545454545455	0.00075625	2.3899298	0.029570363
rs12037070	chr1	38144416	0.0593607305936073	0.00191844	0.3786035	0.024631048
rs72663638	chr1	38145097	0.9817518248175182	0.0007507600000000001	2.3899298	0.029570363
rs11805729	chr1	38145125	0.9560439560439561	0.0007452900000000001	2.3899298	0.029570363
rs1841797	chr1	38146319	2.3909774436090228	0.00017689	2.2348766	0.0058450317
rs12079533	chr1	38146739	0.9852941176470589	0.00073984	2.3899298	0.029570363
rs12075579	chr1	38146843	0.9816176470588236	0.00073984	2.3899298	0.029570363
rs11485610	chr1	38146957	0.9852941176470589	0.00073984	2.3899298	0.029570363
rs60582887	chr1	38147077	0.9301470588235294	0.00073984	2.3899298	0.029570363
rs2126587	chr1	38147293	0.9852941176470589	0.00073984	2.3899298	0.029570363
rs2169571	chr1	38147520	0.9669117647058825	0.00073984	2.3899298	0.029570363
rs10889166	chr1	38147722	2.4210526315789473	0.00017689	2.2348766	0.0058450317
rs55720408	chr1	38147982	0.988929889298893	0.0007344099999999999	2.3899298	0.029570363
rs56356252	chr1	38148176	1.134453781512605	0.0005664400000000001	2.0449088	0.021180104
rs10889168	chr1	38148410	2.5413533834586466	0.00017689	1.8598387	0.005875224
rs11207571	chr1	38149046	0.9182156133828996	0.00072361	2.3899298	0.029570363
rs2085993	chr1	38149195	-5.986754966887417	0.00022801	-8.118448	0.0046834266
rs56327324	chr1	38149525	0.9776951672862454	0.00072361	2.3899298	0.029570363
rs56768730	chr1	38149819	0.9776951672862454	0.00072361	2.3899298	0.029570363
rs4472730	chr1	38150089	-1.0820895522388059	0.0007182400000000001	-2.3899295	0.029570363
rs12037798	chr1	38151171	3.260981912144703	0.0014976899999999999	2.7691789	0.022800526
rs883220	chr1	38151199	-6.226666666666667	0.000225	-8.976174	0.004251245
rs56087898	chr1	38151524	0.9664179104477612	0.0007182400000000001	2.3899298	0.029570363
rs883538	chr1	38151687	0.9626865671641791	0.0007182400000000001	2.3899298	0.029570363
rs77741062	chr1	38151722	3.2899999999999996	0.0016	2.7691789	0.022800526
rs3070620	chr1	38152108	0.9662921348314606	0.0007128900000000001	2.3899298	0.029570363
rs4539095	chr1	38152508	0.9625468164794008	0.0007128900000000001	2.3899298	0.029570363
rs72663641	chr1	38152632	0.9625468164794008	0.0007128900000000001	2.3899298	0.029570363
rs72663642	chr1	38152666	1.0639097744360901	0.00070756	2.3899298	0.029570363
rs112146215	chr1	38153033	3.28643216080402	0.00158404	2.7691789	0.022800526
rs78080635	chr1	38153086	0.02107728337236534	0.0018232900000000002	0.3786035	0.024631048
rs75703507	chr1	38153128	0.9511278195488723	0.00070756	2.3899298	0.029570363
rs72663643	chr1	38153148	0.9398496240601505	0.00070756	2.3899298	0.029570363
rs748954	chr1	38153450	2.606060606060606	0.00017423999999999999	2.1421084	0.0056523676
rs72663644	chr1	38153456	0.9511278195488723	0.00070756	2.3899298	0.029570363
rs748953	chr1	38153469	2.5572519083969465	0.00017161000000000002	1.8598387	0.005875224
rs748952	chr1	38153798	0.9547169811320755	0.00070225	2.3899298	0.029570363
rs748955	chr1	38153871	1.8689320388349515	0.00042436000000000004	1.1912246	0.008984858
rs75748001	chr1	38153986	1.8695652173913042	0.00042849	1.1912246	0.008984858
rs11207652	chr1	38155141	-4.576642335766423	0.00018769000000000001	-5.4739056	0.004954231
rs7540342	chr1	38156596	-6.291390728476821	0.00022801	-7.8735166	0.0041420553
rs12090891	chr1	38157338	0.9274809160305343	0.0006864400000000001	2.3899298	0.029570363
rs12083795	chr1	38157613	0.9348659003831418	0.0006812100000000001	2.3899298	0.029570363
rs55727950	chr1	38157732	0.9348659003831418	0.0006812100000000001	2.3899298	0.029570363
rs77409538	chr1	38157756	1.870813397129187	0.00043680999999999993	1.1912246	0.008984858
rs55836786	chr1	38157861	0.9310344827586206	0.0006812100000000001	2.3899298	0.029570363
rs12134007	chr1	38158444	-4.518248175182482	0.00018769000000000001	-5.377235	0.0055766897
rs12131057	chr1	38158457	-6.278145695364238	0.00022801	-8.976174	0.004251245
rs56286500	chr1	38158555	0.9310344827586206	0.0006812100000000001	2.3899298	0.029570363
rs4970569	chr1	38158831	2.550387596899225	0.00016641	1.8598387	0.005875224
rs4606282	chr1	38158858	0.9272030651340996	0.0006812100000000001	2.3899298	0.029570363
rs4970570	chr1	38159106	2.550387596899225	0.00016641	1.8598387	0.005875224
rs12086189	chr1	38159230	0.9272030651340996	0.0006812100000000001	2.3899298	0.029570363
rs1809329	chr1	38159703	-2.6666666666666665	0.00016641	-1.8598387	0.005875224
rs72663647	chr1	38160210	0.9192307692307692	0.0006760000000000002	2.3899298	0.029570363
rs55659955	chr1	38160261	0.9269230769230768	0.0006760000000000002	2.3899298	0.029570363
rs55877494	chr1	38160742	0.9192307692307692	0.0006760000000000002	2.3899298	0.029570363
rs6679930	chr1	38160911	0.9192307692307692	0.0006760000000000002	2.3899298	0.029570363
rs74407307	chr1	38161099	3.298429319371728	0.0014592399999999999	2.7691789	0.022800526
rs1381845	chr1	38162456	0.9346153846153845	0.0006760000000000002	2.3899298	0.029570363
rs79991709	chr1	38163438	1.8067632850241548	0.00042849	1.533031	0.008999479
rs150725769	chr1	38163476	-4.547445255474453	0.00018769000000000001	-5.377235	0.0055766897
rs11207767	chr1	38163649	0.9153846153846154	0.0006760000000000002	2.3899298	0.029570363
rs11207775	chr1	38163854	0.9153846153846154	0.0006760000000000002	2.3899298	0.029570363
rs77520977	chr1	38164490	3.307692307692308	0.0014212899999999997	2.7691789	0.022800526
rs10889251	chr1	38164917	2.550387596899225	0.00016641	1.8598387	0.005875224
rs6693777	chr1	38165190	0.9538461538461537	0.0006760000000000002	2.3899298	0.029570363
rs10889252	chr1	38165591	2.511627906976744	0.00016641	1.8598387	0.005875224
rs4970571	chr1	38166009	4.809523809523809	0.00021609	4.766545	0.0058578188
rs79725054	chr1	38166937	1.5488958990536277	0.00100489	0.68064076	0.01688722
rs11207872	chr1	38167557	0.9693486590038314	0.0006812100000000001	2.3899298	0.029570363
rs10889280	chr1	38167783	3.8461538461538463	0.00024335999999999997	5.1818805	0.0052522607
rs10889281	chr1	38168154	2.5426356589147288	0.00016641	1.8598387	0.005875224
rs12140275	chr1	38168207	-6.298701298701298	0.00023716	-9.328717	0.0040379344
rs10889282	chr1	38168211	4.3478260869565215	0.00019044	5.377235	0.0055766907
rs72663651	chr1	38168493	0.9923371647509578	0.0006812100000000001	2.3899298	0.029570363
rs2045793	chr1	38169790	-6.3464052287581705	0.00023408999999999998	-8.175926	0.004661507
rs2045792	chr1	38170011	-4.5144927536231885	0.00019044	-5.377235	0.0055766897
rs2045791	chr1	38170020	-6.3464052287581705	0.00023408999999999998	-8.175926	0.004661507
rs12041858	chr1	38170124	-0.10275689223057645	0.0015920099999999998	0.3786035	0.024631048
rs112540253	chr1	38170128	3.305405405405405	0.0013690000000000004	2.7691789	0.022800526
rs75985922	chr1	38170462	3.308943089430894	0.00136161	2.7691789	0.022800526
rs10889314	chr1	38170624	-2.7674418604651163	0.00046224999999999993	-3.4742775	0.010326426
rs12138920	chr1	38171040	2.6737588652482267	0.00019881	1.8102322	0.006956202
rs17474773	chr1	38171226	3.308943089430894	0.00136161	2.7691789	0.022800526
rs2126585	chr1	38172026	0.9618320610687022	0.0006864400000000001	2.3899298	0.029570363
rs6600331	chr1	38172260	-2.8325581395348842	0.00046224999999999993	-3.4742775	0.010326426
rs6688551	chr1	38172992	0.9694656488549618	0.0006864400000000001	2.3899298	0.029570363
rs6657404	chr1	38173144	-3.392156862745098	0.00127449	-2.7691789	0.02280053
rs6698212	chr1	38173153	-4.24812030075188	0.00017689	-4.948995	0.005117515
rs77420329	chr1	38173254	3.335164835164835	0.00132496	2.7691789	0.022800526
rs7544568	chr1	38173536	-6.290322580645162	0.00024024999999999999	-8.976174	0.004251245
rs1462811	chr1	38174668	-3.398876404494382	0.00126736	-2.7691789	0.02280053
rs729344	chr1	38174830	2.527131782945736	0.00016641	1.8598387	0.005875224
rs729345	chr1	38174939	0.973384030418251	0.00069169	2.3899298	0.029570363
rs112360134	chr1	38176148	-3.439890710382514	0.00133956	0.5412694	0.0071407473
rs922338	chr1	38176149	-3.308943089430894	0.00136161	-1.8143574	0.005682753
rs11799790	chr1	38176520	2.5193798449612403	0.00016641	1.8598387	0.005875224
rs16824698	chr1	38177424	1.085820895522388	0.0007182400000000001	2.3899298	0.029570363
rs1903766	chr1	38177439	-3.581005586592179	0.00128164	-2.3340015	0.021088203
rs10889393	chr1	38177748	-3.220108695652174	0.00135424	-2.7691789	0.02280053
rs12402051	chr1	38177812	-3.4000000000000004	0.0013322499999999999	-2.7691789	0.02280053
rs11208079	chr1	38177822	-3.4000000000000004	0.0013322499999999999	-2.7691789	0.02280053
rs7511990	chr1	38178044	-3.397260273972603	0.0013322499999999999	-2.7691789	0.02280053
rs6600333	chr1	38178687	-3.340236686390533	0.0011424399999999998	-2.953123	0.020078573
rs6600334	chr1	38178768	-3.744360902255639	0.00017689	-3.4923143	0.00574121
rs36005088	chr1	38179069	2.8296296296296295	0.00018224999999999998	3.1719258	0.006828064
rs7553012	chr1	38179189	-6.326923076923077	0.00024335999999999997	-8.58996	0.0043817135
rs729148	chr1	38179895	1.889952153110048	0.00043680999999999993	1.4203038	0.0089849895
rs898982	chr1	38180036	-3.2776119402985073	0.0011222500000000002	-2.953123	0.020078573
rs718456	chr1	38180325	-3.2776119402985073	0.0011222500000000002	-2.953123	0.020078573
rs2014508	chr1	38180535	-3.3104477611940295	0.0011222500000000002	-2.953123	0.020078573
1:38181712:A:ATT	chr1	38181712	-1.7716535433070866	0.00064516	-3.0195806	0.0053364187
rs11590625	chr1	38182003	1.9402390438247012	0.0006300100000000001	1.2407933	0.010348304
rs56275287	chr1	38183276	1.1007462686567164	0.0007182400000000001	2.6695745	0.031221304
rs11208239	chr1	38183591	0.996268656716418	0.0007182400000000001	2.6695745	0.031221304
rs10789143	chr1	38183639	3.718518518518519	0.00018224999999999998	2.9747722	0.006268017
1:38184150:C:CT	chr1	38184149	-3.9383561643835616	0.00021316	-3.2873979	0.007360906
rs16824722	chr1	38184385	1.303030303030303	0.0005336099999999999	-0.047887087	0.013210646
rs61778692	chr1	38185080	-5.487654320987655	0.00026243999999999996	-5.784297	0.007417747
rs17534243	chr1	38185245	-5.487654320987655	0.00026243999999999996	-5.784297	0.007417747
rs6666216	chr1	38185772	1.0074626865671643	0.0007182400000000001	2.6695745	0.031221304
rs12118691	chr1	38185835	2.6850393700787403	0.00016129	3.0100744	0.0062602884
rs10889449	chr1	38185936	2.6929133858267718	0.00016129	3.061743	0.0062748613
rs61778693	chr1	38186109	-5.487654320987655	0.00026243999999999996	-5.784297	0.007417747
rs11579210	chr1	38186318	1.563063063063063	0.00049284	1.8292605	0.011289273
1:38186871:CT:C	chr1	38186871	-3.20979020979021	0.00020449000000000002	-1.8657043	0.00775076
rs111971155	chr1	38187056	1.622222222222222	0.0007290000000000002	-0.04090672	0.014360914
rs1975915	chr1	38187120	-5.5246913580246915	0.00026243999999999996	-6.3906875	0.006961901
rs17534341	chr1	38188427	1.587719298245614	0.00051984	1.4480325	0.0114713535
rs10889460	chr1	38188641	3.6934306569343063	0.00018769000000000001	3.0438368	0.0063413917
rs4999527	chr1	38190415	1.0613718411552346	0.0007672899999999999	2.6695745	0.031221304
rs11208403	chr1	38191044	1.0577617328519855	0.0007672899999999999	2.6695745	0.031221304
rs748229	chr1	38191879	-3.125925925925926	0.00018224999999999998	-1.6910069	0.006415418
rs74717052	chr1	38192107	1.5945945945945945	0.00049284	1.8292605	0.011289273
rs1564119	chr1	38192212	2.9416058394160585	0.00018769000000000001	1.8412106	0.0071078422
rs5773619	chr1	38192322	-4.2387096774193544	0.00024024999999999999	-3.8261104	0.0077102315
rs898980	chr1	38192480	-1.4909909909909909	0.00049284	-1.8292607	0.011289275
1:38192632:G:GA	chr1	38192632	-2.5687499999999996	0.000256	-1.9772487	0.0073191538
rs4300184	chr1	38193045	4.219354838709678	0.00024024999999999999	3.4257145	0.007960917
rs6600347	chr1	38193753	-4.35374149659864	0.00021609	-3.4524462	0.0066276556
rs7543360	chr1	38194071	-4.35374149659864	0.00021609	-3.4524462	0.0066276556
rs7546178	chr1	38194202	-4.36734693877551	0.00021609	-3.1046298	0.0068173143
rs1993804	chr1	38194921	-4.198675496688741	0.00022801	-3.7522867	0.0072487504
1:38194994:T:TA	chr1	38194994	2.6372549019607843	0.00041616000000000005	1.1918465	0.009222708
rs61778695	chr1	38196142	-0.7866184448462928	0.0030580900000000003	-2.593141	0.027741551
rs66753330	chr1	38196194	-4.211538461538462	0.00024335999999999997	-3.8261104	0.0077102315
rs1984985	chr1	38196922	-4.3269230769230775	0.00024335999999999997	-3.2114983	0.0072609847
1:38196930:T:TA	chr1	38196930	-4.15625	0.000256	-3.504571	0.008007144
rs2019172	chr1	38197026	-2.2872928176795577	0.00032761000000000004	-1.330453	0.007748303
rs1020910	chr1	38197238	-2.30939226519337	0.00032761000000000004	-1.4649619	0.007771316
rs34085231	chr1	38197487	2.1879699248120303	0.00017689	1.4761721	0.00648577
rs12745670	chr1	38197922	2.1879699248120303	0.00017689	1.4761721	0.00648577
rs77754948	chr1	38198158	1.50354609929078	0.00079524	-0.05260847	0.014422896
rs10889516	chr1	38198394	2.208955223880597	0.00017956000000000002	1.4761721	0.00648577
rs11325789	chr1	38198570	-4.299363057324841	0.00024649	-3.2114983	0.0072609847
rs1841796	chr1	38198761	-1.9107142857142856	0.00028223999999999995	-1.3689208	0.0074078618
rs11208587	chr1	38199296	-4.119496855345912	0.00025281	-3.504571	0.008007144
1:38199564:T:TA	chr1	38199564	-4.2974683544303796	0.00024964000000000003	-3.2114983	0.0072609847
rs898979	chr1	38201242	-1.88	0.00050625	-1.8298137	0.011164515
rs111417983	chr1	38201740	1.9734513274336285	0.00051076	1.8298137	0.011164515
rs898978	chr1	38202032	2.1925925925925926	0.00018224999999999998	1.4761721	0.00648577
rs2126584	chr1	38202211	2.1703703703703705	0.00018224999999999998	1.4761721	0.00648577
rs898977	chr1	38202421	-2.291208791208791	0.00033124	-1.4649619	0.007771316
rs898976	chr1	38202628	-2.3278688524590163	0.00033489	-1.4649619	0.007771316
rs11208650	chr1	38202875	2.355072463768116	0.00019044	1.2768959	0.0066874214
rs11803523	chr1	38203069	-4.173913043478261	0.00025921	-3.4240782	0.00807879
rs61783263	chr1	38203837	-2.6269035532994924	0.0015523599999999998	-4.482365	0.014828015
rs4970575	chr1	38203872	4.1937500000000005	0.000256	2.9429283	0.00822801
rs11208746	chr1	38206025	3.027586206896552	0.00021025000000000001	2.1122818	0.0076003545
rs12075354	chr1	38206537	4.243589743589744	0.00024335999999999997	2.4104137	0.007193111
rs12130485	chr1	38207151	-2.1621621621621623	0.0011088900000000002	-0.90181166	0.018488258
rs12039916	chr1	38207381	4.192546583850932	0.00025921	2.9429283	0.00822801
rs11208800	chr1	38209198	4.1604938271604945	0.00026243999999999996	2.9429283	0.00822801
rs745526	chr1	38210131	0.9084249084249083	0.0007452900000000001	0.97461134	0.0136095155
rs61783264	chr1	38212670	-1.25	0.00242064	-3.0921135	0.020712981
rs7517575	chr1	38214700	-1.2033898305084747	0.00055696	-0.48574072	0.011499909
rs6683126	chr1	38215354	-1.9269662921348314	0.00031684	0.7363201	0.0106434785
rs60913619	chr1	38215757	0.44776119402985076	0.0007182400000000001	-0.46900737	0.013350781
rs6600352	chr1	38215861	0.15725806451612903	0.00061504	-0.476913	0.012423898
rs11208959	chr1	38216162	1.5987261146496816	0.00024649	-0.28446	0.006851773
rs34170728	chr1	38216172	-0.33858267716535434	0.00064516	0.47691306	0.012423898
rs7537377	chr1	38216535	0.4166666666666667	0.0006969599999999999	-0.41386387	0.012989038
rs12038679	chr1	38216683	1.0869565217391304	0.00076176	1.1538767	0.011732528
1:38216986:T:TA	chr1	38216985	0.4053030303030303	0.0006969599999999999	-0.41386387	0.012989038
rs12077263	chr1	38218194	0.3031496062992126	0.00064516	-0.476913	0.012423898
rs58983224	chr1	38218371	0.7642857142857143	0.0007839999999999999	-0.8228078	0.013413261
rs6600353	chr1	38219645	2.3317073170731706	0.00042025000000000005	-0.73868275	0.010961249
rs16824788	chr1	38219885	0.003968253968253968	0.00063504	-0.7662637	0.013107038
rs75026980	chr1	38219981	0.7194244604316548	0.0007728399999999999	-1.1864352	0.013417199
rs6675079	chr1	38221236	-0.4233870967741936	0.00061504	-1.1136792	0.012236966
rs6685558	chr1	38221388	-0.1792828685258964	0.0006300100000000001	-0.62980056	0.012701147
rs76872519	chr1	38222069	-0.5816326530612246	0.00345744	-0.25600204	0.03094728
rs75976702	chr1	38223676	0.6617100371747212	0.00072361	-1.1028928	0.012497186
rs76647746	chr1	38223746	0.6579925650557621	0.00072361	-1.1028928	0.012497186
rs79076950	chr1	38224325	0.7228464419475655	0.0007128900000000001	-1.1028928	0.012497186
rs11209130	chr1	38224439	0.4505928853754941	0.00064009	-1.1028928	0.012497186
1:38225375:ATG:A	chr1	38225375	1.8693181818181817	0.00030976	-0.7980636	0.007934713
rs78203232	chr1	38225448	0.45679012345679015	0.0005904899999999999	-2.452283	0.0064413245
rs11209146	chr1	38225806	0.41501976284584985	0.00064009	-1.1028928	0.012497186
rs138803491	chr1	38225977	1.3390804597701151	0.0012110399999999998	0.43442273	0.028920315
rs11209193	chr1	38228244	-0.5210084033613445	0.0005664400000000001	-0.5696588	0.011844543
rs1807832	chr1	38228723	-0.012096774193548387	0.00061504	-0.9642342	0.012186184
rs16824807	chr1	38230030	-0.5569620253164557	0.00056169	-0.5696588	0.011844543
rs72665405	chr1	38230544	-2.5791855203619907	0.0004884100000000001	1.3032554	0.011306419
rs11209258	chr1	38231298	-0.032128514056224904	0.0006200099999999999	-0.9642342	0.012186184
rs12409212	chr1	38232030	-0.5481171548117155	0.0005712100000000001	-0.5696588	0.011844543
rs78754292	chr1	38236195	0.17266187050359713	0.0007728399999999999	-1.1651874	0.012761585
rs75482837	chr1	38236703	-0.01079136690647482	0.0007728399999999999	-1.1651874	0.012761585
rs5773625	chr1	38237183	-0.8852459016393442	0.00033489	0.9498874	0.007643743
rs148278746	chr1	38239455	-0.007142857142857144	0.0007839999999999999	-1.1651874	0.012761585
rs113956363	chr1	38239737	1.54251012145749	0.00549081	0.46721905	0.028434802
rs12145173	chr1	38242935	-1.8172043010752688	0.0003459599999999999	0.4984986	0.0081062745
rs58519734	chr1	38245162	-1.3655913978494625	0.0003459599999999999	1.0355146	0.007008307
rs2637880	chr1	38245336	-1.2352941176470587	0.00034969000000000005	1.0991013	0.006638158
rs111656006	chr1	38245682	-0.7373737373737373	0.0008820900000000001	-1.0810214	0.013864836
rs2637881	chr1	38245701	-1.2620320855614973	0.00034969000000000005	1.0991013	0.006638158
rs12047637	chr1	38246441	0.8287937743190661	0.00066049	1.4429032	0.011631147
rs913862	chr1	38246795	-1.3368421052631578	0.000361	1.0381372	0.006457408
rs4970577	chr1	38247807	-1.1455696202531644	0.00024964000000000003	1.748167	0.0067167114
rs79163920	chr1	38247865	-0.38351254480286734	0.0007784100000000001	-1.2679653	0.009257586
rs4970578	chr1	38248311	-0.6927710843373494	0.00027556	2.9560978	0.0068208226
rs72665410	chr1	38248355	-0.6145038167938931	0.0006864400000000001	-0.9630731	0.008973184
rs10889865	chr1	38249081	-0.675	0.000256	2.9560978	0.0068208226
rs74592698	chr1	38249247	-0.5071942446043166	0.0007728399999999999	-1.4036238	0.009075961
1:38249376:C:CTGTG	chr1	38249375	-0.5877862595419847	0.0006864400000000001	-0.9630731	0.008973184
rs74065749	chr1	38249483	-0.3780487804878048	0.00060516	-0.749726	0.009003794
rs6702480	chr1	38249580	-0.7341772151898733	0.00024964000000000003	2.9560978	0.0068208226
rs72665415	chr1	38249597	-0.648854961832061	0.0006864400000000001	-0.9630731	0.008973184
rs6600367	chr1	38249681	-0.7232704402515723	0.00025281	2.9560978	0.0068208226
rs2026119	chr1	38250875	-0.7576923076923076	0.0006760000000000002	-1.3046507	0.011096223
rs10789306	chr1	38251412	-0.7594936708860759	0.00024964000000000003	2.9560978	0.0068208226
rs10889866	chr1	38251477	-0.7594936708860759	0.00024964000000000003	2.9560978	0.0068208226
rs10789307	chr1	38251830	-1.064102564102564	0.00024335999999999997	1.9137523	0.0067067277
rs11209614	chr1	38251843	-0.7341772151898733	0.00024964000000000003	2.9560978	0.0068208226
rs60917108	chr1	38252203	-0.483739837398374	0.00060516	-1.059598	0.011089026
rs10493080	chr1	38252393	-0.6918238993710693	0.00025281	2.9560978	0.0068208226
rs12022993	chr1	38252541	-0.49186991869918695	0.00060516	-1.059598	0.011089026
rs11209616	chr1	38252566	-0.7784810126582278	0.00024964000000000003	2.9560978	0.0068208226
rs4970579	chr1	38252676	-0.7160493827160493	0.00026243999999999996	2.9560978	0.0068208226
rs59999520	chr1	38252695	-0.7452471482889733	0.00069169	-1.3046507	0.011096223
rs4970545	chr1	38252830	-1.1435185185185184	0.00046656000000000003	1.3273588	0.012393518
rs11209627	chr1	38253078	-0.49797570850202433	0.00061009	-1.059598	0.011089026
rs34467598	chr1	38254060	-0.7044025157232704	0.00025281	2.9560978	0.0068208226
rs12119990	chr1	38254112	-0.761006289308176	0.00025281	2.9560978	0.0068208226
rs928158	chr1	38254247	-0.7421383647798742	0.00025281	2.9560978	0.0068208226
rs143545278	chr1	38254568	-0.7803030303030303	0.0006969599999999999	-1.3046507	0.011096223
rs12732447	chr1	38255807	-0.73125	0.000256	2.9560978	0.0068208226
rs11802770	chr1	38255991	-1.1474358974358974	0.00024335999999999997	1.9137523	0.0067067277
rs35621068	chr1	38256409	-0.732919254658385	0.00025921	2.9560978	0.0068208226
rs35220267	chr1	38256900	-0.7267080745341615	0.00025921	2.9560978	0.0068208226
rs75738427	chr1	38257253	-0.7916666666666666	0.0006969599999999999	-1.3046507	0.011096223
rs1888116	chr1	38257429	-1.1146496815286626	0.00024649	1.9137523	0.0067067277
rs10889902	chr1	38257872	0.12156862745098039	0.0006502499999999999	2.3154628	0.0110944025
rs72665421	chr1	38258113	-0.46799999999999997	0.0006250000000000001	-1.059598	0.011089026
rs75819182	chr1	38258255	-0.2378640776699029	0.0038192400000000002	-0.8419058	0.023295294
rs11799472	chr1	38259295	-0.7902621722846441	0.0007128900000000001	-1.3046507	0.011096223
rs12022969	chr1	38260763	-0.43650793650793657	0.00063504	-1.059598	0.011089026
rs3040984	chr1	38261710	-0.47159699892818874	0.008704889999999998	0.4359984	0.023441905
rs967094	chr1	38261899	-0.7333333333333333	0.00027225000000000003	2.9560978	0.0068208226
rs77216966	chr1	38261996	-0.7157894736842105	0.00081225	-1.8230189	0.011312651
rs967095	chr1	38262004	-1.093167701863354	0.00025921	1.9137523	0.0067067277
rs1329974	chr1	38262419	-0.373134328358209	0.0007182400000000001	-1.5615569	0.011305384
rs1329975	chr1	38262483	-0.9938650306748467	0.00026568999999999996	1.5091976	0.006633895
rs1329976	chr1	38262578	-0.4253731343283582	0.0007182400000000001	-1.5615569	0.011305384
1:38262699:CT:C	chr1	38262699	-1.2216216216216216	0.00034224999999999994	1.9137523	0.0067067277
rs4970580	chr1	38262710	-1.1011904761904763	0.00028223999999999995	1.3453543	0.0069224196
rs4970546	chr1	38262750	-0.5714285714285714	0.00028223999999999995	3.0795221	0.00637836
rs80272489	chr1	38263792	-0.615916955017301	0.00083521	-1.8230189	0.011312651
rs12031152	chr1	38263835	-0.4513618677042801	0.00066049	-0.9049377	0.011036937
rs2637887	chr1	38264243	-0.9461077844311379	0.00027889	1.8687501	0.006976427
1:38264452:T:C	chr1	38264452	-1.0299401197604792	0.00027889	1.9137523	0.0067067277
rs79199015	chr1	38264463	-0.7226027397260274	0.00085264	-1.8230189	0.011312651
rs2773170	chr1	38264599	-0.6666666666666666	0.00029241	2.9560978	0.0068208226
rs11801780	chr1	38264744	-0.7923875432525952	0.00083521	-1.8230189	0.011312651
rs2637885	chr1	38264869	-0.9583333333333334	0.00028223999999999995	1.9137523	0.0067067277
rs59476089	chr1	38264940	-0.7194244604316548	0.0007728399999999999	-0.868455	0.010943902
rs199962473	chr1	38265388	-0.8784313725490197	0.0006502499999999999	1.6317959	0.009887872
1:38265392:A:T	chr1	38265391	-1.0791666666666666	0.000576	1.6317959	0.009887872
rs61779703	chr1	38265418	-1.062240663900415	0.00058081	1.6091102	0.01009508
rs78043223	chr1	38265570	0.7454545454545455	0.00245025	2.016421	0.015580777
rs11582388	chr1	38265659	-1.2270916334661355	0.0006300100000000001	1.5257373	0.006927685
rs12127700	chr1	38265767	1.1937799043062203	0.0017472399999999997	0.4273541	0.0058111283
rs76064069	chr1	38266175	0.09290953545232274	0.0016728099999999998	-1.858168	0.021310078
rs2637883	chr1	38266259	-0.49603174603174605	0.00063504	1.1056066	0.007539895
rs2637882	chr1	38266575	-0.727699530516432	0.00045369	1.900493	0.007634655
rs74320604	chr1	38267036	-2.003257328990228	0.0009424900000000001	0.032391243	0.010463603
1:38267062:G:GTA	chr1	38267061	0.6048192771084338	0.0017222500000000003	0.8463063	0.022407914
1:38267601:ATCCT:A	chr1	38267601	0.2032085561497326	0.0013987600000000002	1.647045	0.014485079
rs140051873	chr1	38267648	-1.4298780487804876	0.0010758400000000002	0.61918485	0.0115406085
rs71057129	chr1	38267691	-0.9795918367346939	0.00021609	1.3900766	0.0064714733
rs111063594	chr1	38267837	-0.9124087591240876	0.00018769000000000001	1.1883134	0.0068253977
rs2480697	chr1	38268116	-0.5303030303030303	0.00017423999999999999	1.1350492	0.0057427357
rs75277471	chr1	38268177	-0.2867132867132867	0.00020449000000000002	1.2275419	0.005574581
rs10789332	chr1	38269096	-0.3541666666666667	0.00020736	0.5903655	0.0056673405
rs1854640	chr1	38269752	-0.2585034013605442	0.00021609	0.5903655	0.0056673405
rs2773155	chr1	38269947	-0.21232876712328766	0.00021316	0.7484065	0.0060563018
rs6677228	chr1	38270079	-0.4347826086956522	0.00019044	0.4600252	0.005790618
rs1329968	chr1	38270393	-0.6096491228070174	0.00051984	2.191748	0.01100923
1:38270694:GC:G	chr1	38270694	-0.4473684210526316	0.00051984	2.191748	0.01100923
rs2773156	chr1	38270700	-0.6	0.00028900000000000003	-0.9294831	0.0067379973
rs6698091	chr1	38271202	-0.8057142857142856	0.00030625000000000004	2.0374339	0.0050624283
rs4970581	chr1	38271333	-0.7714285714285714	0.00030625000000000004	0.58341604	0.005495966
rs59632024	chr1	38271364	-0.2767857142857143	0.00050176	2.1078808	0.009949597
rs1571551	chr1	38271769	-0.9226519337016573	0.00032761000000000004	-0.76467246	0.007693307
rs34408701	chr1	38272186	0.13821138211382114	0.00060516	1.3349831	0.0147042805
rs35286217	chr1	38272214	0.13414634146341464	0.00060516	1.3349831	0.0147042805
rs12075194	chr1	38272433	0.09722222222222221	0.00046656000000000003	2.4050891	0.013642441
rs12075234	chr1	38272542	-0.9349112426035505	0.00028560999999999994	0.57086164	0.0066806516
rs12069309	chr1	38272611	-0.1095890410958904	0.00047961	2.4050891	0.013642441
rs5773627	chr1	38273045	-0.09216589861751152	0.00047089	2.4050891	0.013642441
rs6687753	chr1	38273244	0.10280373831775702	0.00045795999999999993	2.4050891	0.013642441
rs2773159	chr1	38273412	-0.5853658536585364	0.00026896000000000005	1.7499999	0.0066103656
rs1329970	chr1	38273646	0.16203703703703703	0.00046656000000000003	2.4944406	0.014585884
rs1329971	chr1	38273782	0.009132420091324202	0.00047961	2.4944406	0.014585884
rs1329972	chr1	38273822	0.16666666666666666	0.00046656000000000003	2.4944406	0.014585884
rs1329973	chr1	38273877	-0.03636363636363636	0.0004840000000000001	2.4944406	0.014585884
rs7515168	chr1	38274170	0.34905660377358494	0.00044944	2.3522031	0.014511626
rs2773160	chr1	38274659	-0.5679012345679012	0.00026243999999999996	1.5938728	0.0064550913
rs2637864	chr1	38275597	-0.7098765432098766	0.00026243999999999996	0.00546225	0.0072810403
rs2637865	chr1	38276828	-0.6728395061728395	0.00026243999999999996	1.7499999	0.0066103656
1:38277231:G:GT	chr1	38277231	0.0794392523364486	0.00045795999999999993	2.3522031	0.014511626
rs11210089	chr1	38277257	0.27619047619047615	0.00044100000000000004	2.3522031	0.014511626
rs57910019	chr1	38277608	0.1869158878504673	0.00045795999999999993	2.3522031	0.014511626
rs11210097	chr1	38277766	0.1320754716981132	0.00044944	2.3522031	0.014511626
rs1854641	chr1	38278074	-0.3081761006289308	0.00025281	1.7599093	0.0062492285
rs1854642	chr1	38278078	-0.7888888888888889	0.00032400000000000007	-0.66906637	0.008153794
rs7417792	chr1	38278231	-0.8072916666666667	0.00036863999999999994	-1.0096843	0.008112047
rs76141919	chr1	38279292	-0.06944444444444445	0.00046656000000000003	2.4944406	0.014585884
rs61779709	chr1	38279593	-0.07407407407407407	0.00046656000000000003	2.4944406	0.014585884
rs1543632	chr1	38282288	-0.29299363057324845	0.00024649	1.7599093	0.0062492285
rs12407892	chr1	38282981	0.017857142857142856	0.00028223999999999995	2.375184	0.00748856
rs16824833	chr1	38283462	0.06837606837606838	0.00054756	1.2894242	0.014368211
rs1543633	chr1	38283819	-0.5771428571428571	0.00030625000000000004	-0.67558855	0.007354477
rs12565767	chr1	38284370	-0.17874396135265702	0.00042849	1.9222081	0.013610132
rs6600376	chr1	38284556	-0.024096385542168676	0.00027556	2.4635084	0.0078109326
rs6600377	chr1	38284597	-0.030120481927710843	0.00027556	2.4509237	0.0075210505
rs6675953	chr1	38284719	-0.0625	0.00043264	1.9222081	0.013610132
rs11586388	chr1	38284721	-0.0641025641025641	0.00054756	1.2925005	0.015529837
rs34900058	chr1	38285277	-0.057499999999999996	0.0016	0.52911174	0.027842881
rs1329966	chr1	38286790	-0.0591715976331361	0.00028560999999999994	2.663283	0.0074043083
rs1329967	chr1	38286804	-0.05325443786982249	0.00028560999999999994	2.663283	0.0074043083
rs11586720	chr1	38286819	-0.05603448275862069	0.0005382399999999999	1.2894242	0.014368211
rs1755295	chr1	38286943	-0.7670454545454545	0.00030976	-0.4627964	0.008040916
rs1778049	chr1	38286969	-0.6499999999999999	0.000256	1.7540106	0.0066286493
rs2637867	chr1	38287342	-0.11848341232227488	0.00044521000000000003	2.2847981	0.014370126
rs1755296	chr1	38287829	-0.7391304347826086	0.00033856	-1.1014072	0.007521817
rs1999187	chr1	38288253	-0.6289308176100629	0.00025281	1.6987139	0.00646988
rs5773628	chr1	38288655	-0.2169811320754717	0.00044944	2.2847981	0.014370126
rs1628502	chr1	38289137	-0.6163522012578616	0.00025281	1.6987139	0.00646988
1:38289148:AAAATAAAT:A	chr1	38289148	-0.07262569832402235	0.00032041	2.4212654	0.007835731
rs962874	chr1	38290568	-0.41139240506329106	0.00024964000000000003	1.9829347	0.0062696566
1:38290689:G:GA	chr1	38290689	-0.8063063063063063	0.00049284	-0.48565012	0.008556078
rs866951	chr1	38290849	-0.47058823529411764	0.00034969000000000005	-0.9562256	0.007734193
rs2637869	chr1	38291565	-0.07058823529411763	0.00028900000000000003	2.7293162	0.007204549
rs2773165	chr1	38291733	-0.12264150943396226	0.00044944	2.5521452	0.014470416
rs6667765	chr1	38291996	-0.05555555555555555	0.00054756	0.8533193	0.017206242
rs35484494	chr1	38292504	-0.06837606837606838	0.00054756	0.8533193	0.017206242
rs1122874	chr1	38292896	-0.574468085106383	0.00035344	-0.75136316	0.008252491
rs1361865	chr1	38294271	-0.7580645161290323	0.0003459599999999999	-0.9505531	0.007455727
rs2840558	chr1	38294930	0.2641509433962264	0.00044944	-2.794407	0.014464763
rs78289383	chr1	38295132	-0.07692307692307691	0.00054756	0.8533193	0.017206242
rs961888	chr1	38296709	-0.21875	0.000256	-0.20861512	0.0074400995
rs12729519	chr1	38297335	0.03731343283582089	0.0028729600000000004	-4.026657	0.013164385
rs1755300	chr1	38297706	-0.4663212435233161	0.00037249000000000006	-0.7614485	0.008349921
rs12083721	chr1	38298270	-0.010309278350515464	0.00037636	2.349223	0.010920728
rs113606142	chr1	38298301	-0.010309278350515464	0.00037636	2.349223	0.010920728
rs12091117	chr1	38298674	-0.2085308056872038	0.00044521000000000003	1.08239	0.012641196
rs1023098	chr1	38300111	0.46875	0.000256	0.13579442	0.0073002586
rs1329969	chr1	38300626	0.6451612903225807	0.0003459599999999999	0.712643	0.007777403
rs58547715	chr1	38300683	0.54375	0.000256	0.13579442	0.0073002586
rs1755301	chr1	38301320	0.7341772151898733	0.00024964000000000003	-1.5752217	0.006560702
rs1034089	chr1	38301432	0.740506329113924	0.00024964000000000003	-1.5752217	0.006560702
rs1034090	chr1	38301636	-0.391705069124424	0.00047089	0.7675823	0.012484639
rs5773629	chr1	38301747	-0.8574999999999999	0.0016	-0.0035707848	0.021807913
rs1620189	chr1	38302427	0.7594936708860759	0.00024964000000000003	-1.5752217	0.006560702
1:38302874:TA:T	chr1	38302874	0.7974683544303797	0.00024964000000000003	-1.5752217	0.006560702
rs12569326	chr1	38302945	-0.3760330578512397	0.00058564	0.70877427	0.015488635
rs1778040	chr1	38303405	0.6289308176100629	0.00025281	0.007426433	0.007446101
rs12748758	chr1	38303472	-0.3677685950413223	0.00058564	0.70877427	0.015488635
rs2149935	chr1	38303851	0.6722689075630252	0.0005664400000000001	0.19265592	0.010490282
rs538133181	chr1	38303920	0.6352201257861635	0.00025281	0.043349843	0.007356819
rs2773174	chr1	38304090	0.5618279569892474	0.0013838399999999997	-0.28774074	0.017332312
rs2798793	chr1	38304277	0.6162162162162163	0.00034224999999999994	0.75262374	0.007899482
rs2637871	chr1	38304279	0.6162162162162163	0.00034224999999999994	0.75262374	0.007899482
rs35151917	chr1	38304324	0.7027027027027029	0.00034224999999999994	0.75262374	0.007899482
rs139158272	chr1	38304581	-0.3057851239669422	0.00058564	0.70877427	0.015488635
rs11454121	chr1	38304901	0.7243243243243244	0.00034224999999999994	0.75262374	0.007899482
rs1755309	chr1	38305389	0.802139037433155	0.00034969000000000005	0.75262374	0.007899482
rs61779746	chr1	38305790	-0.29245283018867924	0.00044944	2.8003857	0.014089827
1:38308079:A:AT	chr1	38308079	-0.28773584905660377	0.00044944	2.8003857	0.014089827
rs2149934	chr1	38308212	0.9937888198757764	0.00025921	-0.8250862	0.006086002
rs1952641	chr1	38308364	-0.28773584905660377	0.00044944	2.8003857	0.014089827
rs1778037	chr1	38309210	0.585635359116022	0.00032761000000000004	0.9175846	0.0073840274
rs78883423	chr1	38309520	-0.8113207547169811	0.00101124	1.9116942	0.026118778
rs1778036	chr1	38309913	0.6416184971098267	0.00029928999999999996	0.6911661	0.007555698
rs6657601	chr1	38311103	-0.2768595041322314	0.00058564	0.7009399	0.017402638
rs6665996	chr1	38312070	-0.20093457943925236	0.00045795999999999993	0.94711125	0.012665557
rs12402558	chr1	38312169	-0.37089201877934275	0.00045369	2.548215	0.013976518
rs1778035	chr1	38312476	0.8598726114649682	0.00024649	-1.4188331	0.0063904547
rs35688169	chr1	38312481	-0.21296296296296294	0.00046656000000000003	0.94711125	0.012665557
rs57587248	chr1	38313601	0.8789808917197452	0.00024649	-1.5752217	0.006560702
rs2480698	chr1	38313724	0.6939890710382514	0.00033489	0.9551462	0.007444077
rs12411204	chr1	38313727	-0.3004694835680751	0.00045369	2.8003857	0.014089827
rs12402980	chr1	38314173	-0.3051643192488263	0.00045369	2.8003857	0.014089827
rs1576425	chr1	38315646	0.8853503184713376	0.00024649	-1.4188331	0.0063904547
rs12403736	chr1	38316328	-0.3098591549295775	0.00045369	2.8003857	0.014089827
rs2798802	chr1	38316585	0.9748427672955974	0.00025281	-0.71155167	0.006185167
1:38316672:G:GT	chr1	38316672	1.1513513513513514	0.00034224999999999994	0.057146516	0.007526567
rs1799687	chr1	38316713	0.8461538461538461	0.00024335999999999997	-1.2817014	0.0063102846
rs1755307	chr1	38317071	0.7142857142857143	0.00033124	0.9551462	0.007444077
rs1778048	chr1	38317111	0.73224043715847	0.00033489	0.9175846	0.0073840274
rs1778053	chr1	38317413	0.7142857142857143	0.00033124	0.9551462	0.007444077
rs1755306	chr1	38317473	0.7142857142857143	0.00033124	0.9551462	0.007444077
rs1778034	chr1	38317548	0.8525641025641025	0.00024335999999999997	-1.4188331	0.0063904547
rs11800860	chr1	38318056	-0.32863849765258213	0.00045369	2.548215	0.013976518
rs11210532	chr1	38319051	-0.17355371900826447	0.00058564	0.46295333	0.01722785
rs2773169	chr1	38319210	0.7252747252747253	0.00033124	0.9551462	0.007444077
rs2773168	chr1	38319259	0.7252747252747253	0.00033124	0.9551462	0.007444077
rs1411274	chr1	38319372	0.7252747252747253	0.00033124	0.9551462	0.007444077
rs1578847	chr1	38319856	-0.3568075117370892	0.00045369	2.548215	0.013976518
rs1614270	chr1	38320258	0.7362637362637362	0.00033124	0.9551462	0.007444077
rs1590880	chr1	38320291	0.7362637362637362	0.00033124	0.9551462	0.007444077
rs1778038	chr1	38320381	0.7417582417582417	0.00033124	0.9551462	0.007444077
rs58326014	chr1	38320411	0.3152173913043478	0.00033856	0.9551462	0.007444077
rs11578321	chr1	38320631	-0.1694214876033058	0.00058564	0.44254687	0.019777825
rs1778039	chr1	38321035	0.729281767955801	0.00032761000000000004	0.9175846	0.0073840274
rs1329977	chr1	38321961	0.5290322580645161	0.00024024999999999999	-0.47965828	0.0071117715
rs1755305	chr1	38324277	0.6011904761904762	0.00028223999999999995	0.09479853	0.0071489974
rs1778041	chr1	38324966	-0.631578947368421	0.00029241	-0.22013311	0.007636543
rs79621681	chr1	38325031	-0.20598006644518274	0.0009060099999999998	0.4170997	0.018448126
rs1778042	chr1	38325501	0.5476190476190477	0.00028223999999999995	0.09479853	0.0071489974
rs1778043	chr1	38325697	-0.6257309941520467	0.00029241	-0.22013311	0.007636543
rs869720	chr1	38326229	0.5416666666666667	0.00028223999999999995	0.09479853	0.0071489974
rs71642632	chr1	38326252	-0.20833333333333334	0.000576	0.70877427	0.015488635
rs913864	chr1	38326259	0.9411764705882353	0.00023408999999999998	-0.8819956	0.006451895
rs913863	chr1	38326296	0.9056603773584905	0.00025281	-0.42695335	0.0066717626
rs2798808	chr1	38326479	-0.3924528301886792	0.00070225	-1.400813	0.025134906
rs1778044	chr1	38327040	-0.5672514619883041	0.00029241	-0.22013311	0.007636543
rs34330488	chr1	38327453	0.44230769230769235	0.00024335999999999997	-0.37952292	0.006967704
rs2480699	chr1	38328054	0.554140127388535	0.00024649	-0.27055487	0.007401061
rs2840553	chr1	38328624	-0.6305732484076434	0.00024649	0.27055487	0.007401061
rs2798810	chr1	38328723	-0.624203821656051	0.00024649	0.27055487	0.007401061
rs56052141	chr1	38328754	0.47368421052631576	0.00023104	-1.0860467	0.006611444
rs6656516	chr1	38329106	0.47368421052631576	0.00023104	-1.0860467	0.006611444
1:38329373:C:CA	chr1	38329373	1.2043010752688172	0.0003459599999999999	-0.6837413	0.006391166
rs1891850	chr1	38329580	-0.5796178343949046	0.00024649	0.27055487	0.007401061
rs2840551	chr1	38329799	-0.5576923076923077	0.00024335999999999997	0.37952304	0.006967703
rs2798812	chr1	38330113	-0.576923076923077	0.00024335999999999997	0.37952304	0.006967703
1:38330405:ATT:A	chr1	38330405	-0.5465587044534413	0.00061009	0.98577505	0.0062599913
rs2798813	chr1	38330514	-0.304	0.0006250000000000001	-1.6142712	0.024340013
rs2637849	chr1	38330516	-0.342741935483871	0.00061504	-1.6142712	0.024340013
rs7413818	chr1	38331068	-0.17573221757322174	0.0005712100000000001	0.70877427	0.015488635
rs2637848	chr1	38331248	-0.24999999999999997	0.0006760000000000002	-1.400813	0.025134906
rs2798814	chr1	38331643	-0.277992277992278	0.00067081	-1.400813	0.025134906
rs12119592	chr1	38332019	0.8431372549019608	0.00023408999999999998	-1.7131397	0.0063953334
rs2637847	chr1	38332439	-0.27027027027027023	0.00067081	-1.400813	0.025134906
rs12119813	chr1	38332771	0.012165450121654502	0.0016892099999999998	-0.6208938	0.020484637
rs7538179	chr1	38332887	0.18320610687022898	0.0006864400000000001	1.400813	0.025134906
rs2840549	chr1	38333362	-1.051948051948052	0.00023716	0.86354685	0.0061533973
rs2840548	chr1	38333401	-0.35135135135135137	0.00067081	-1.400813	0.025134906
rs2637846	chr1	38333519	-0.6114649681528662	0.00024649	0.3681044	0.007279564
rs2637845	chr1	38333564	-0.6496815286624205	0.00024649	0.3681044	0.007279564
rs10890173	chr1	38333611	0.4304635761589404	0.00022801	-1.0701582	0.0066568437
rs2637844	chr1	38333647	-0.7398843930635839	0.00029928999999999996	-0.12121509	0.008029593
rs2637843	chr1	38333769	-0.6496815286624205	0.00024649	0.3681044	0.007279564
rs1343462	chr1	38334352	-0.6560509554140128	0.00024649	0.3681044	0.007279564
rs2840547	chr1	38334520	-0.28185328185328185	0.00067081	-1.400813	0.025134906
rs10890174	chr1	38335384	0.5364238410596026	0.00022801	-1.0701582	0.0066568437
rs11488207	chr1	38335409	0.5364238410596026	0.00022801	-1.0701582	0.0066568437
rs2637878	chr1	38335456	-0.3474903474903475	0.00067081	-1.400813	0.025134906
rs35601493	chr1	38336715	-0.20168067226890754	0.0005664400000000001	0.70877427	0.015488635
rs2637879	chr1	38336990	-0.3474903474903475	0.00067081	-1.400813	0.025134906
rs12129357	chr1	38337175	0.8815789473684211	0.00023104	-1.7131397	0.0063953334
rs1123532	chr1	38337500	0.5099337748344371	0.00022801	-1.0701582	0.0066568437
rs113562151	chr1	38338561	0.7704280155642024	0.00264196	0.05119733	0.021261727
rs2840546	chr1	38338667	-0.35135135135135137	0.00067081	-1.400813	0.025134906
rs11379461	chr1	38338929	-0.35135135135135137	0.00067081	-1.400813	0.025134906
rs1110113	chr1	38339196	-0.6815286624203822	0.00024649	0.3681044	0.007279564
rs3935267	chr1	38339421	-0.6815286624203822	0.00024649	0.3681044	0.007279564
rs66577509	chr1	38339659	-0.653179190751445	0.00029928999999999996	-0.12121509	0.008029593
rs11210569	chr1	38340257	0.9072847682119205	0.00022801	-1.6267073	0.0066788443
rs6679637	chr1	38340958	-0.2436974789915966	0.0005664400000000001	0.70877427	0.015488635
1:38341133:T:TCTTG	chr1	38341133	0.39893617021276595	0.00035344	-1.2643355	0.006933353
rs149720986	chr1	38341228	0.5	0.000256	-1.6688331	0.0061359047
rs9729336	chr1	38341236	0.6379310344827587	0.00030275999999999995	-0.9567717	0.0062517496
rs12031135	chr1	38341300	-0.3359073359073359	0.00067081	-1.400813	0.025134906
rs140543788	chr1	38341372	0.19465648854961834	0.0006864400000000001	1.400813	0.025134906
rs12129127	chr1	38341878	0.8823529411764706	0.00023408999999999998	-1.7131397	0.0063953334
rs4622034	chr1	38341922	0.4605263157894736	0.00023104	-1.0701582	0.0066568437
rs17477941	chr1	38341953	0.19465648854961834	0.0006864400000000001	1.400813	0.025134906
rs2798796	chr1	38342207	-0.3204633204633205	0.00067081	-1.400813	0.025134906
1:38342513:T:TTTCC	chr1	38342513	-1.127906976744186	0.00029584	0.3681044	0.007279564
rs72161625	chr1	38342516	1.221311475409836	0.0005953600000000001	-1.6267073	0.0066788443
rs2637872	chr1	38342841	-0.6772151898734177	0.00024964000000000003	0.3681044	0.007279564
rs2637873	chr1	38343046	-0.6772151898734177	0.00024964000000000003	0.3681044	0.007279564
rs1343459	chr1	38343534	-0.6321839080459771	0.00030275999999999995	-0.12121509	0.008029593
rs2798795	chr1	38343848	-0.6034482758620691	0.00030275999999999995	-0.12121509	0.008029593
rs12131971	chr1	38343908	0.8831168831168831	0.00023716	-1.7131397	0.0063953334
rs13375069	chr1	38344124	-0.21576763485477177	0.00058081	0.70877427	0.015488635
rs34598252	chr1	38344547	0.8961038961038961	0.00023716	-1.7131397	0.0063953334
rs6661734	chr1	38344619	0.33035714285714285	0.00050176	-2.0463872	0.019777566
rs76309714	chr1	38345360	-0.11379310344827587	0.0008409999999999998	0.6644833	0.017712152
rs2840552	chr1	38346175	-0.6981132075471698	0.00025281	0.28883287	0.006837243
rs2840557	chr1	38348285	0.29910714285714285	0.00050176	-2.0463872	0.019777566
rs2637875	chr1	38348542	0.21428571428571427	0.00050176	-2.0463872	0.019777566
rs2637876	chr1	38348683	0.20982142857142858	0.00050176	-2.0463872	0.019777566
rs1891851	chr1	38350569	-0.49431818181818177	0.00030976	0.07760409	0.008298545
rs1343464	chr1	38352135	-0.09125475285171102	0.00069169	-1.400813	0.025134906
rs5773630	chr1	38353006	-0.2936802973977695	0.00072361	-1.8519692	0.026201531
rs2840559	chr1	38356696	-0.574585635359116	0.00032761000000000004	0.24006242	0.008562462
rs33995380	chr1	38356820	0.3860759493670886	0.00024964000000000003	-1.749446	0.005652221
rs72665501	chr1	38358352	-0.47580645161290325	0.00061504	-1.2442778	0.013034223
rs34052145	chr1	38358590	0.6585365853658537	0.00026896000000000005	-1.689054	0.0063299756
rs147172915	chr1	38359080	0.6585365853658537	0.00026896000000000005	-1.689054	0.0063299756
rs114682652	chr1	38359091	0.6204819277108434	0.00027556	-1.689054	0.0063299756
rs115227226	chr1	38359092	0.6204819277108434	0.00027556	-1.689054	0.0063299756
rs555230831	chr1	38359093	0.47590361445783136	0.00027556	-1.689054	0.0063299756
rs116443854	chr1	38359096	0.47590361445783136	0.00027556	-1.689054	0.0063299756
rs115818734	chr1	38359097	0.47590361445783136	0.00027556	-1.689054	0.0063299756
rs12134400	chr1	38359447	0.63125	0.000256	-1.9050457	0.005461883
rs34343631	chr1	38360032	0.36075949367088606	0.00024964000000000003	-1.749446	0.005652221
rs2040073	chr1	38363552	0.012820512820512822	0.00024335999999999997	1.8670757	0.0067338427
1:38364654:CA:C	chr1	38364654	-0.22222222222222224	0.00026243999999999996	-1.7207092	0.007008891
rs1107653	chr1	38365174	-0.6132596685082873	0.00032761000000000004	0.24006242	0.008562462
rs2840560	chr1	38366276	-0.08333333333333333	0.00024335999999999997	-1.417327	0.0070132664
rs6686793	chr1	38368741	-0.0851063829787234	0.00141376	-0.41740766	0.020136174
rs2840561	chr1	38369071	0.07051282051282053	0.00024335999999999997	-1.417327	0.0070132664
rs2798797	chr1	38369073	0.07051282051282053	0.00024335999999999997	-1.417327	0.0070132664
rs4279822	chr1	38369082	-0.11274509803921567	0.00041616000000000005	1.370314	0.00994171
rs12726098	chr1	38369805	0.309090909090909	0.0004840000000000001	0.72034764	0.012537996
rs61780896	chr1	38370172	-0.12254901960784313	0.00041616000000000005	1.370314	0.00994171
rs2798798	chr1	38370514	-0.5473684210526316	0.000361	-0.19536397	0.008485155
rs2840562	chr1	38370587	-0.22839506172839508	0.00026243999999999996	-1.7207092	0.007008891
rs66526298	chr1	38371287	0.7134146341463414	0.00026896000000000005	-1.689054	0.0063299756
rs2798799	chr1	38371925	-0.23456790123456792	0.00026243999999999996	-1.7207092	0.007008891
rs17537652	chr1	38372334	0.725609756097561	0.00026896000000000005	-1.689054	0.0063299756
rs1419153	chr1	38372884	-0.5846994535519126	0.00033489	0.41747424	0.008227861
rs1419152	chr1	38372936	-0.08024691358024691	0.00026243999999999996	-1.7207092	0.007008891
